#
# cz_latin2 keyboard 
# scan	key	shift	alt	lock_state
#####################################################
  0	0	0	0	C
  1	27	27	27	C
  2	43	49	33	C
  3	236	50	64	C
  4	185	51	35	C
  5	232	52	36	C
  6	248	53	37	C
  7	190	54	94	C
  8	253	55	38	C
  9	225	56	42	C
  10	237	57	40	C
  11	233	48	41	C
  12	61	37	45	C
  13	180	183	176	C
  14	127	127	127	C
  15	9	9	9	C
  16	113	81	113	C
  17	119	87	119	C
  18	101	69	101	C
  19	114	82	114	C
  20	116	84	116	C
  21	122	90	121	C
  22	117	85	117	C
  23	105	73	105	C
  24	111	79	111	C
  25	112	80	112	C
  26	250	47	91	C
  27	41	40	93	C
  28	13	13	13	C
  29	0	0	0	C
  30	97	65	97	C
  31	115	83	115	C
  32	100	68	100	C
  33	102	70	102	C
  34	103	71	103	C
  35	104	72	104	C
  36	106	74	106	C
  37	107	75	107	C
  38	108	76	108	C
  39	249	34	59	C
  40	167	33	39	C
  41	164	223	96	C
  42	0	0	0	C
  43	92	124	92	C
  44	121	89	122	C
  45	120	88	120	C
  46	99	67	99	C
  47	118	86	118	C
  48	98	66	98	C
  49	110	78	110	C
  50	109	77	109	C
  51	44	63	60	C
  52	46	58	62	C
  53	45	95	47	C
  54	0	0	0	C
  55	42	42	42	C
  56	0	0	0	C
  57	32	32	32	C
  58	0	0	0	C
  59	0	0	0	C
  60	0	0	0	C
  61	0	0	0	C
  62	0	0	0	C
  63	0	0	0	C
  64	0	0	0	C
  65	0	0	0	C
  66	0	0	0	C
  67	0	0	0	C
  68	0	0	0	C
  69	0	0	0	C
  70	0	0	0	C
  71	'7'	0	0	C
  72	'8'	0	0	C
  73	'9'	0	0	C
  74	'-'	45	0	C
  75	'4'	0	0	C
  76	'5'	0	0	C
  77	'6'	0	0	C
  78	'+'	43	0	C
  79	'1'	0	0	C
  80	'2'	0	0	C
  81	'3'	0	0	C
  82	'0'	0	0	C
  83	'.'	0	0	C
  84	0	0	0	C
  85	0	0	0	C
  86	60	62	124	C
  87	0	0	0	C
  88	0	0	0	C
  89	0	0	0	C
  90	0	0	0	C
  91	0	0	0	C
  92	0	0	0	C
  93	0	0	0	C
  94	0	0	0	C
  95	0	0	0	C
  96	0	0	0	C
