i1.01 0 0.5 0 6.00
i1.01 0.5 0.25 0 6.02
i1.01 0.75 0.25 0 6.04
i1.01 1 0.25 0 6.05
i1.01 1.25 0.25 0 6.07
i1.01 1.5 0.25 0 6.09
i1.01 1.75 0.25 0 6.11
i1.01 2 0.5 0 7.00
i1.01 2.5 0.25 0 7.02
i1.01 2.75 0.25 0 7.04
i1.01 3 0.25 0 7.05
i1.01 3.25 0.25 0 7.07
i1.01 3.5 0.25 0 7.09
i1.01 3.75 0.25 0 7.11
i1.01 4 0.5 0 8.00
i1.01 4.5 0.25 0 8.02 8.12 -9.123
i1.01 4.75 0.25 0 8.04 8.12 4.5
i1.01 5 0.25 0 8.05 8.12 4.5
i1.01 5.25 0.25 0 8.07 8.12 6
i1.01 5.5 0.25 0 8.09 8.12 6
i1.01 5.75 0.25 0 8.11 8.12 6
i1.01 6 0.5 0 9.00 8.12 6
i1.01 6.5 0.25 0 9.02 8.12 6
i1.01 6.75 0.25 0 9.04 8.12 6
i1.01 7 0.25 0 9.05 8.12 6
i1.01 7.25 0.25 0 9.07 8.12 6
i1.01 7.5 0.25 0 9.09 8.12 6
i1.01 7.75 0.25 0 9.11 8.12 6
t0 60
f0 8
s
i1.01 0 0.5 0 6.00
i1.01 0.5 0.25 0 6.02
i1.01 0.75 0.25 0 6.04
i1.01 1 0.25 0 6.05
i1.01 1.25 0.25 0 6.07
i1.01 1.5 0.25 0 6.09
i1.01 1.75 0.25 0 6.11
i1.01 2 0.5 0 7.00
i1.01 2.5 0.25 0 7.02
i1.01 2.75 0.25 0 7.04
i1.01 3 0.25 0 7.05
i1.01 3.25 0.25 0 7.07
i1.01 3.5 0.25 0 7.09
i1.01 3.75 0.25 0 7.11
i1.01 4 0.5 0 8.00
i1.01 4.5 0.25 0 8.02
i1.01 4.75 0.25 0 8.04
i1.01 5 0.25 0 8.05
i1.01 5.25 0.25 0 8.07
i1.01 5.5 0.25 0 8.09
i1.01 5.75 0.25 0 8.11
i1.01 6 0.5 0 9.00
i1.01 6.5 0.25 0 9.02
i1.01 6.75 0.25 0 9.04
i1.01 7 0.25 0 9.05
i1.01 7.25 0.25 0 9.07
i1.01 7.5 0.25 0 9.09
i1.01 7.75 0.25 0 9.11
i2.01 0 1 0 8.00
i2.01 1 0.5 0 8.02
i2.01 1.5 0.5 0 8.04
i2.01 2 0.5 0 8.05
i2.01 2.5 0.5 0 8.07
i2.01 3 0.5 0 8.09
i2.01 3.5 0.5 0 8.11
i2.01 4 1 0 9.00
i2.01 5 0.5 0 9.02
i2.01 5.5 0.5 0 9.04
i2.01 6 0.5 0 9.05
i2.01 6.5 0.5 0 9.07
i2.01 7 0.5 0 9.09
i2.01 7.5 0.5 0 9.11
t0 60
f0 8
s
e
