#
# dvorak keyboard generated from keyboard.c
# scan	key	shift	alt	lock_state
#####################################################
  0	0	0	0	C
  1	27	27	0	C
  2	49	33	0	C
  3	50	64	64	C
  4	51	35	0	C
  5	52	36	36	C
  6	53	37	0	C
  7	54	94	0	C
  8	55	38	123	C
  9	56	42	91	C
  10	57	40	93	C
  11	48	41	125	C
  12	92	124	92	C
  13	61	43	0	C
  14	127	127	0	C
  15	9	9	0	C
  16	39	34	0	C
  17	44	60	0	C
  18	46	62	0	C
  19	112	80	0	C
  20	121	89	0	C
  21	102	70	0	C
  22	103	71	0	C
  23	99	67	0	C
  24	114	82	0	C
  25	108	76	0	C
  26	47	63	0	C
  27	93	125	126	C
  28	13	13	13	C
  29	0	0	0	C
  30	97	65	0	C
  31	111	79	0	C
  32	101	69	0	C
  33	117	85	0	C
  34	105	73	0	C
  35	100	68	0	C
  36	104	72	0	C
  37	116	84	0	C
  38	110	78	0	C
  39	115	83	0	C
  40	45	95	0	C
  41	96	126	0	C
  42	0	0	0	C
  43	91	123	0	C
  44	59	58	0	C
  45	113	81	0	C
  46	106	74	0	C
  47	107	75	0	C
  48	120	88	0	C
  49	98	66	0	C
  50	109	77	0	C
  51	119	87	0	C
  52	118	86	0	C
  53	122	90	0	C
  54	0	0	0	C
  55	42	42	0	C
  56	0	0	0	C
  57	32	32	0	C
  58	0	0	0	C
  59	0	0	0	C
  60	0	0	0	C
  61	0	0	0	C
  62	0	0	0	C
  63	0	0	0	C
  64	0	0	0	C
  65	0	0	0	C
  66	0	0	0	C
  67	0	0	0	C
  68	0	0	0	C
  69	0	0	0	C
  70	0	0	0	C
  71	55	0	0	C
  72	56	0	0	C
  73	57	0	0	C
  74	45	45	0	C
  75	52	0	0	C
  76	53	0	0	C
  77	54	0	0	C
  78	43	43	0	C
  79	49	0	0	C
  80	50	0	0	C
  81	51	0	0	C
  82	48	0	0	C
  83	44	0	0	C
  84	0	0	0	C
  85	0	0	0	C
  86	60	60	124	C
  87	0	0	0	C
  88	0	0	0	C
  89	0	0	0	C
  90	0	0	0	C
  91	0	0	0	C
  92	0	0	0	C
  93	0	0	0	C
  94	0	0	0	C
  95	0	0	0	C
  96	0	0	0	C
